2.34290528591849,0.930875438458135,0.0868499477629095,0.0106320983123909,0.214338436847766,0.221776911836953,0.0811480991222369,0.194421021161629,0.144388478929023,0.00778513503219025,0.0461708011830218,0.0154075487590623,0.0622893423615699,0.0538281232830128,ê.wav
2.24156301918919,0.860677027400618,0.129955179844719,0.00859999601335674,0.204395820417879,0.242421730976671,0.00885043378349104,0.205624737569111,0.101825768893561,0.0314090556268389,0.0301175899617333,0.0562218444057009,0.120412054714237,0.0280567929699089,ê.wav
2.01296047781892,0.844937633871744,0.164394856650805,0.0419864774899417,0.149038574891968,0.238899374897092,0.0541869535040836,0.268967909787923,0.115818352144797,0.0525775257415167,0.0610696610435926,0.0755671198837948,0.084428306977638,0.0110114760502232,ê.wav
2.12745149892584,0.788594661115444,0.131107467642816,0.02044137865292,0.18949122577124,0.26322962427108,0.0413814999275396,0.22203045141169,0.103684912538691,0.0129536750882127,0.0138169145936014,0.0679673492256625,0.0861830818502727,0.0237937458083755,ê.wav
2.19156051420258,0.847062077822049,0.125288856547222,0.00453074628792086,0.189510694037695,0.258486226645998,0.100731546701231,0.270249121378495,0.0892755584483242,0.046746922714132,0.0383757235708655,0.0418098387451907,0.115802682237286,0.0188021656780929,ê.wav
1.97659207479469,0.85189444035572,0.105553717414234,0.0113969018291626,0.180618960769883,0.269053601651104,0.106956281457971,0.215120796158635,0.0927592884423775,0.0361743220932948,0.00501294132513306,0.00834257900570053,0.0305678921785597,0.0281660283952261,ê.wav
1.86848154971285,0.883956060198821,0.142654123582241,0.0126086197245545,0.143678929822302,0.208651498998789,0.118841900833312,0.226168611798441,0.10809114641359,0.0212432668410905,0.0115815202001283,0.0614852099512328,0.0717625271436592,0.0269183802064679,ê.wav
1.94356138040338,0.87379171794143,0.184597006192087,0.00976227319252056,0.164288114075235,0.284562023324968,0.074111538270538,0.233119248143145,0.0603258702561075,0.023243372129204,0.00414264664776596,0.0464406166514986,0.0883115709117925,0.0196323680171369,ê.wav
2.39226639127143,0.78123005254956,0.00166496110678451,0.0493746449030986,0.185889004154327,0.267397328530649,0.107885829325597,0.217371460842046,0.0255451887488906,0.0423341375605859,0.0477084099456079,0.0273661833281967,0.0354501449428347,0.0503444792871604,ê.wav
2.27327404200595,0.815543169007618,0.0127581637616541,0.0681200779431326,0.200286387114761,0.260470236390104,0.0825255601591754,0.203653435216221,0.0425891685552801,0.0363608979371091,0.0491202240062321,0.0516714044863232,0.00141837470301633,0.0398490579089004,ê.wav
2.00769648201189,0.936561673566678,0.0637441565539208,0.0202248973485491,0.189246666870081,0.289328233021266,0.145232724631325,0.231261162878665,0.0654300586494001,0.0191819950786443,0.0181226261347124,0.0303517163051814,0.0970024340507447,0.0262792444096852,ê.wav
2.15588048847685,0.779334689331418,0.147505006625336,0.012373667863389,0.186665632887916,0.281829244442159,0.14151316873131,0.155199209970021,0.0337115459731644,0.0347975852891897,0.0551859577131331,0.0625387377496106,0.0852934909014042,0.0365918965817922,ê.wav
2.24945477722618,0.891793320248747,0.0499605535649973,0.03031522931845,0.235922710366087,0.322139469627269,0.159101317868266,0.231190137484288,0.0221912507268688,0.0170117703527191,0.0159330033685672,0.0786199986165613,0.0610855068961094,0.0275540842390037,ê.wav
2.80829733203529,0.829341276629765,0.066781704904076,0.00743210536215541,0.291327478229555,0.321369723674008,0.0790538866126301,0.185385492256952,0.0307923491103416,0.0620027834203351,0.0216461465801893,0.0138179538894893,0.0517759238925566,0.0664798336948298,ê.wav
2.21807764803023,0.861846528353254,0.11329898027118,0.00808507842053742,0.26686554397549,0.263864705634804,0.0635003454282832,0.182549492206437,0.076709578686476,0.00166830779028548,0.0198388160879694,0.107172788257,0.0918597771667891,0.00131236024035092,ê.wav
2.46922227804607,0.823073792433251,0.00551491533752895,0.0857484402294047,0.210421912049114,0.170961953188005,0.00128039138227413,0.064717655361538,0.103907268884163,0.0544895954582756,0.00576264460344653,0.0866084930382169,0.0577420832283138,0.00594307977696018,ê.wav
2.22333554794899,0.795797825977201,0.151610095928677,0.0497301938805134,0.227175252392555,0.295552902761149,0.126628761472068,0.174987037928215,0.0652020754203151,0.0132475070005491,0.124286037287855,0.0769280026372624,0.0399953189526756,0.0173011473437625,ê.wav
2.0609974847069,0.92360063072703,0.0605248109186363,0.00922474828167364,0.25224438828734,0.239997207405308,0.158069398674883,0.141921808669264,0.105642470010576,0.00096296266285365,0.0533499767775405,0.0136887356077962,0.0258564627341391,0.00596901138777959,ê.wav
2.6488504534451,0.782082264232306,0.0301231633603791,0.0114124234292517,0.291173391650997,0.30746534525918,0.139091031574405,0.136909579188863,0.00239596663335375,0.0125257919066804,0.00372638632035813,0.0596401649619217,0.0670608473364701,0.022074750932149,ê.wav
2.66564546541809,0.838647152843705,0.110126949400317,0.110684895445761,0.281893455898966,0.322287914326336,0.0245645685177787,0.144234489619704,0.0313533067773696,0.0375104196206802,0.0838723872076901,0.0436375382694097,0.071407281014697,0.0275809531619936,ê.wav
2.44401488191524,0.808217604493265,0.0402799508009525,0.0056097428005854,0.223768811848191,0.27711508748699,0.105523852539147,0.149646612798243,0.0226214626274328,0.0438900870111888,0.000482077631628142,0.0329819810378327,0.0568407478938555,0.00384378634939773,ê.wav
2.00321616286715,0.880932679630869,0.0593937128047393,0.0242747134161173,0.207089301823281,0.30424230453216,0.151073833940415,0.155418586164222,0.0152589803479855,0.031259683298317,0.038148210198365,0.101755174023788,0.0739291270995695,0.00168405119285067,ê.wav
2.41857783687406,0.833944324059965,0.0762693226945069,0.0836286643814945,0.293986998940701,0.29296644701003,0.0506524420466575,0.142886902144211,0.0369430058877593,0.0407526112399357,0.0374927688542598,0.0173196969004558,0.0219015854268077,0.0407057119200027,ê.wav
2.73002561746507,0.924034996104781,0.178297882650815,0.052885606932563,0.311161891397311,0.30721662007149,0.0607623939192287,0.172243251658323,0.0502400695040853,0.0409534259641421,0.0560488651526604,0.0582126164510022,0.0174945152253578,0.036917965198095,ï.wav
2.47464701367144,0.931947963644205,0.0732288001349589,0.037389504829473,0.309761424867489,0.284912369153838,0.0251598836569798,0.200321005300857,0.112421067773071,0.0345345909536385,0.0509974739901368,0.0109010002326085,0.0773315898042211,0.0593522687891641,ï.wav
2.27798974211913,0.951605912608809,0.0183375608674541,0.0326409897207609,0.250526794285147,0.258228398000896,0.0646735137050074,0.167476270105107,0.106857312476748,0.00483402747150324,0.00940248623161758,0.0521180570376887,0.0603127934553079,0.0172873429750442,ï.wav
2.4705577532283,0.924353675758517,0.0972407085174271,0.0158733080854538,0.267342253425835,0.256347797879678,0.0556575252956459,0.143817831003298,0.0918655776697975,0.00909292308861009,0.0355438092852086,0.022864758857555,0.0152265837330324,0.0171430683654987,ï.wav
2.53470029588756,0.915459516323638,0.186592746761454,0.109802503233311,0.343115633641539,0.28799074808835,0.0279672203950132,0.0999570396834876,0.0958624564842901,0.0252746210658872,0.0531811700152999,0.0385172250126899,0.0397438060142247,0.00988787246329095,ï.wav
2.61853873796066,0.854791086926109,0.0678574222702132,0.0609012863636785,0.293496044452122,0.261788119501649,0.00402426916524619,0.151925791008695,0.113527965340503,0.0297629703126222,0.0345303013562521,0.0114410035805632,0.0756361050743885,0.0358734978176905,ï.wav
3.04213063052349,0.687444476852894,0.102500870691852,0.0509047015604203,0.301321904913653,0.269965636910019,0.0358142317515905,0.128903602347336,0.0152600914535341,0.0766953884132257,0.0161372572584203,0.0253985305177156,0.00755459231103207,0.039584431573714,ï.wav
2.36782420936026,1.00876223901013,0.155133824293139,0.0807619008772761,0.299591921173384,0.24858096423895,0.119228709358977,0.22707482694457,0.111602193208263,0.0181411622522813,0.0573324445642901,0.030442729494155,0.04455954379801,0.0412866603775564,ï.wav
2.65813234943105,0.879927331001156,0.18845095688952,0.133600920791776,0.352055149885675,0.271098036634775,0.0388401688407679,0.139218095477936,0.0869211059219638,0.00349267737950991,0.0573381818633626,0.00459164733763527,0.00789022033126409,0.00407189989025432,ï.wav
2.55623586158327,0.847546334495688,0.164607356259899,0.108310828775371,0.28795284125631,0.192624951628601,0.0701507881378328,0.147389668704559,0.135570091853084,0.0199002878998977,0.0227566690024161,0.0233675741751115,0.035465785286801,0.049415464858981,ï.wav
2.8987732981914,0.673244105732792,0.0477870929115308,0.109512905006998,0.301826676969577,0.24127258892134,0.0552620981814797,0.15709560347768,0.0108913053619698,0.105564022707952,0.0296970942818283,0.0251887000598474,0.0346304790997228,0.0697514863381981,ï.wav
3.13430605474606,0.549263776603582,0.158346732946096,0.0905624369675246,0.213542302742242,0.168101441894072,0.0480736387440505,0.109785988897183,0.0887195223996196,0.0503918844726795,0.112229816754719,0.0976179604767283,0.0112249407862989,0.0146209904130945,ï.wav
2.49645200091485,0.770174755482274,0.0182391251141603,0.0900093280576482,0.258729239795475,0.171801104580253,0.0680765676427428,0.184246944389602,0.0758101358187703,0.0734074019526768,0.00214140854814476,0.014584178975681,0.0574900561515609,0.0708689943009801,ï.wav
2.89373286907364,0.726572370876017,0.0912232443765519,0.0722940915962502,0.351529333657737,0.299526161065066,0.0966176161567022,0.111608587272122,0.0106893554398126,0.0452664167770878,0.00880727013072563,0.0256067826182517,0.0493642020320759,0.0352953979503949,ï.wav
3.05423043607069,0.637682934918926,0.109349555833018,0.100323299569378,0.320693089336365,0.26490751657294,0.0466707262389575,0.0868625967453725,0.00877927870541148,0.0725692525532096,0.0170634615728335,0.031634737329209,0.00444858971275061,0.0664919333122185,ï.wav
2.83691366518758,0.671886914136368,0.0941608178000728,0.0943917696284384,0.330007073182084,0.274218912585489,0.0425297338804977,0.102087713931383,0.0181413541774712,0.0436520477661333,0.0280159239855134,0.00201258510134204,0.0120263642251889,0.0365680567618914,ï.wav
2.68653811799689,0.726018798926927,0.0608223371076175,0.0898557944626158,0.331418778782023,0.253878142011718,0.0687065355820317,0.149763230871919,0.0207855915230956,0.0593612334225202,0.0124941242896743,0.0560439184536617,0.0598977677547246,0.0594365448543843,ï.wav
2.23568774947062,0.966105311851841,0.0352389178393813,0.022499424200122,0.231578751538623,0.228009661094537,0.057672672665469,0.170593854870297,0.127664877511733,0.0185927574231272,0.0621458082412371,0.00833420944115167,0.0411649077023384,0.0705965751710506,ò.wav
2.03533954475004,0.937129558053224,0.0868403690031999,0.0127207115484504,0.172586617893298,0.207292230010524,0.0419534419769259,0.174700271854609,0.104122765179702,0.00146216128543689,0.0113488712023182,0.0337892365810709,0.0539543387380823,0.0288161720358329,ò.wav
2.07936948579576,0.897568567625483,0.184689791189014,0.0380074976024123,0.152121580870276,0.165225593694548,0.0135557530273328,0.160983532097917,0.135343064030101,0.0248670377325865,0.0198332580934237,0.11101669444203,0.0286865311015762,0.000785641615697276,ò.wav
1.75571981494168,1.01226174201341,0.198445774018865,0.0502087117223397,0.146562452960252,0.239877830518975,0.0469693734862658,0.216199900671911,0.124438459579066,0.001027613677941,0.0160169754533142,0.0727871283691444,0.132061653044526,0.0599949456998673,ò.wav
2.0176934084975,0.997253871450092,0.0176806174095145,0.0245505986193977,0.195537797520395,0.174150693573734,0.0778569076922118,0.180824171622736,0.122905359704597,0.0382410867799258,0.00475539818254581,0.00111615967461021,0.00912362467606631,0.0353505475128664,ò.wav
2.22901044806521,0.917332298192507,0.00220967209975608,0.0381137449030981,0.232280179342846,0.144606687861527,0.0964937516948162,0.173411770463672,0.128833068000999,0.0299797247219526,0.0147609154642699,0.00661732593284255,0.0130022569892856,0.0390704542832845,ò.wav
1.90020791605401,0.960251005158675,0.14993570056577,0.0384243426528198,0.203310431332265,0.158434087805029,0.038200516781627,0.154980285014342,0.143978410976171,0.0195513290572195,0.0185301011396871,0.0472816310798897,0.0431900503501877,0.0758394540951556,ò.wav
2.06452892948484,0.881310426631368,0.164323845493778,0.0258990713490574,0.185523311415514,0.167740390229526,0.00438736139049714,0.124618851728182,0.142287900202515,0.00573680388946227,0.0194723259263262,0.0354425136001455,0.0614237332021142,0.0394627458827142,ò.wav
2.03406899369062,0.878073498158774,0.152603980204219,0.0193858849815691,0.189359619677223,0.187519240311988,0.0195458616990277,0.113464656198235,0.181875466507935,0.0496713390078823,0.0372178349447109,0.0951730609451822,0.0519797569319408,0.0110164127717344,ò.wav
1.83496599901063,0.960156589646564,0.159388412440884,0.0594037091367075,0.130863747813228,0.159216453754985,0.0770168857300486,0.101356756657725,0.188407696083183,0.0477587517982639,0.0910967940372729,0.106840969461614,0.0903097951534569,0.0123445751091055,ò.wav
2.04929688157504,0.884646794705775,0.06453827595401,0.0875829780181987,0.132039768475972,0.131830680610939,0.101389461449909,0.186832036898799,0.0898332812824303,0.0641555131447443,0.0275006874841523,0.067991955135522,0.0668365255089086,0.0248054605403061,ò.wav
2.00328411242013,0.914948412419481,0.0878585367190138,0.0424887366542214,0.23797497700816,0.184470446192646,0.122093157080974,0.152739894579786,0.13913851914892,0.00108941095169756,0.0208549896826226,0.0266260390590915,0.0396965703407621,0.0889329318629629,ò.wav
2.20119349039473,0.935894816791193,0.00421542119882093,0.066457305125426,0.246645706065085,0.225183201263672,0.0122204634319366,0.115780873294545,0.167347647573896,0.0100402962602988,0.0153640562198883,0.0267234219575753,0.108715088240875,0.0939278594670134,ò.wav
1.90256341784458,0.974875470522873,0.0327794835162175,0.0446574875581314,0.166445681888347,0.186598848825771,0.0398710955382347,0.168127904780912,0.0997879901574994,0.018729915323988,0.00311567883637063,0.0367832900063105,0.0800872724175375,0.0599746771287089,ò.wav
1.66570528053094,0.966266009408783,0.0730644833560207,0.116455160796811,0.193222198726029,0.190542946570778,0.0222895274622611,0.172201027479375,0.201151144500992,0.0115069387615251,0.0434758484338078,0.0701689279876017,0.0438344265981877,0.0535121152304982,ò.wav
1.98364136713691,0.846603477923527,0.108630286111915,0.0406566260789503,0.19169640672379,0.18428513928811,0.0263277508114783,0.153747603739613,0.165609290600138,0.0159802452223103,0.0462541131625011,0.0744972558599818,0.0691042000281251,0.0207434554315976,ò.wav
2.02018544904443,0.929516786173786,0.0836480578766579,0.0528748796954513,0.231399162102262,0.229621801862199,0.0376593305463494,0.134721966750735,0.123623189983368,0.018088167310675,0.00442945164100633,0.00674487191630845,0.0663498335740119,0.0305685735627376,ò.wav
2.30387769653644,0.920576614544363,0.0467180451180083,0.0550344957653958,0.248003638925631,0.173265531454421,0.0785145932611268,0.107349796832095,0.0819426034742636,0.0037202004498842,0.0272657058099174,0.0146037776394505,0.0633756384274527,0.0103377932124351,ò.wav
2.14230751967601,0.904500118971402,0.0903348835240551,0.00221576705605747,0.193194125116475,0.190238119057109,0.0453410242337584,0.178539487468926,0.113922785958819,0.0357658197204137,0.0240392222558631,0.0307829115296389,0.124562295510263,0.0595045770967404,ò.wav
1.53554306189338,1.06214141941022,0.16168631004837,0.0145532934045223,0.178871438814824,0.229702401890089,0.0670795843108386,0.223234110747557,0.118726964552399,0.00631718379890238,0.00876945243581244,0.0791332310948008,0.195801816264551,0.0452490939505239,ò.wav
2.4394606751385,0.772416282123935,0.00809678373069571,0.144083384675233,0.326668725068706,0.25209136026903,0.00317329609895314,0.0837912637025659,0.0928092768139145,0.00154638093924084,0.0116010351243059,0.0231566985552662,0.0318135671498545,0.010695444839428,ô.wav
2.15241660568819,0.936874756550345,0.029482482323365,0.022648164340085,0.227944739588059,0.20683249998388,0.0688323446743304,0.129830683239988,0.120034603504366,0.0301452148479617,0.029305898823716,0.0251803270667877,0.0323863699796155,0.0155166560626418,ô.wav
2.21379535327787,0.764655746595419,0.0984768549043823,0.0964791548292551,0.199305365759131,0.166499671600554,0.0569087036122564,0.10420468981883,0.0864092552490041,0.0419234080925612,0.0302158385067399,0.0497554345131201,0.0426883858011064,0.00936812046815631,ô.wav
1.90574288395361,0.771594444570995,0.133208114264839,0.144426861616686,0.184192499287867,0.178894997212129,0.0284650428357917,0.114067115402202,0.097723585283878,0.0204363694510948,0.0208669307514692,0.0013929400103647,0.0241788889825455,0.00955119227785379,ô.wav
2.17580246286747,0.895837846392159,0.0783125232968294,0.00345609095914094,0.212075092436631,0.211353790215053,0.0956896789937484,0.171946601553429,0.0876075104137193,0.0036220405993424,0.0125199637971845,0.0326784101826601,0.0479034484511625,0.0607130558911004,ô.wav
2.15837143266549,0.969978538110066,0.0603609912270823,0.0198345012143148,0.239644184957902,0.239161543125252,0.0984396216629293,0.225599809020149,0.0847524067534488,0.0229610367830013,0.0350476305555493,0.0538244851195578,0.10407121680614,0.051141242783439,ô.wav
2.58901072152396,0.925849771659989,0.146519540292422,0.0649474614456752,0.323647638434952,0.255669914483107,0.114501703866774,0.197533119876159,0.0852230870835214,0.038089862578988,0.0263294228269606,0.0240096754540875,0.0291928453387525,0.00768903960953088,ô.wav
2.07140257472704,0.827605659869208,0.124194347321015,0.0408375983916929,0.25796395877682,0.232957895742036,0.0522335259975717,0.14150289774879,0.0969588921268349,0.0297123325814191,0.014265308595571,0.00862602909329243,0.0222571626499487,0.012872677996003,ô.wav
2.12956471348614,0.836708005178231,0.112557130403722,0.0375185215797311,0.235313990217031,0.253207611036132,0.105427136206042,0.133906983055433,0.0715917990383033,0.00303661796236369,0.050216553670011,0.099506627517912,0.0684765318726902,0.0233709121725443,ô.wav
1.88254305437433,0.954399715600974,0.0754694080804662,0.0624951291532104,0.225141655684266,0.24213214290432,0.108721425482919,0.181007435824666,0.111036514546637,0.00807195514335575,0.00808489893588761,0.0110649139414877,0.0202665240214036,0.0439913856102981,ô.wav
2.37494921500259,0.911425701385299,0.00374542870585691,0.018840193423516,0.265091557886359,0.306132531227968,0.0685808898848967,0.19659437996728,0.0528298540026525,0.0477332771933708,0.016613723653644,0.0227433152699536,0.0288462073631681,0.0544144889237209,ô.wav
2.84461682272586,0.802864964002211,0.110082248590646,0.0692637982101258,0.283862273649192,0.293819483834064,0.0860311603753154,0.203555689442005,0.0118445847394875,0.0782460131637101,0.0199317702165818,0.0477424148118262,0.0123673336507159,0.0752300399469948,ô.wav
2.4212841858304,0.863946183930497,0.0891394707144812,0.126667684551998,0.254222602121334,0.238501633342959,0.0902639571523063,0.165557579783703,0.0569010462415009,0.0303467370717897,0.0124349989815459,0.0301246031951947,0.0446131097251045,0.0471083781082373,ô.wav
2.21491057133146,0.884265029773622,0.0213219783595816,0.0595045351892275,0.203468477086074,0.231482525359918,0.0870849950230901,0.149163305758621,0.101871899108919,0.0586458552936663,0.0617525903218922,0.0545398881573461,0.0111903971186866,0.0448435809110958,ô.wav
2.59718047049301,0.86257477346111,0.0912055917999291,0.0174321063001375,0.313250778691439,0.31377593805754,0.123282782082608,0.197329459415363,0.0555646651164216,0.0482836540218414,0.017213658234959,0.0440220493223079,0.0882905406343418,0.0335335654641142,ô.wav
2.36992949824749,0.958050100939799,0.00923896748836937,0.042024687587591,0.26904506365969,0.29292111151789,0.175985047164322,0.1914628769629,0.0588998382958758,0.0365163204201355,0.0781872774451496,0.127094908768022,0.0882167880710827,0.0562369951623617,ô.wav
2.43762614809454,0.810329287186115,0.00536351423077523,0.0692500963926306,0.282389264993321,0.222689167825763,0.123415810162804,0.0985024708999963,0.0403745341822421,0.0288441625663658,0.0414405660829672,0.0336819163849464,0.0262501365069779,0.0171274891200589,ô.wav
2.58798438867515,0.762791087038459,0.0495310302527043,0.100799263684856,0.307784682934189,0.297778369311416,0.0489734993847729,0.1047880475046,0.0190604557588865,0.0574351492062396,0.0159771085225657,0.0113137783542647,0.0212823918472788,0.00213929763962226,ô.wav
2.62837854737006,0.782279421727791,0.0869040421811829,0.065625861539489,0.291147835888953,0.299639944736203,0.122580065493189,0.149310454228433,0.011081574312525,0.0206686931532598,0.0272911082443678,0.0464396034634827,0.0833035442295508,0.0452763599402289,ô.wav
1.95158138786349,0.807584768912159,0.10979221586028,0.080566237817569,0.182470011985754,0.233173929004186,0.0673288539330154,0.143959347271994,0.0801590433640732,0.0274908114500106,0.0723302263231161,0.0689589207013451,0.00994605679301808,0.0179729446043974,ô.wav
2.61264399993857,0.860964602500361,0.0680971973347044,0.0175655756766292,0.184804394149657,0.195577509994957,0.0500535197985432,0.206085718753095,0.156869965928024,0.0058149902682029,0.0632839890024855,0.0817533468119242,0.0199439286035437,0.00952197401586109,õ.wav
2.21999265121024,0.95964212315107,0.00297970849973029,0.00276783382630632,0.220850809855616,0.235162550410165,0.109506015626716,0.280429387905354,0.170904257351247,0.00682776857875837,0.0507311639115299,0.0618826794610595,0.00584971112648849,0.0407592018274592,õ.wav
2.61642874691078,0.827423950614566,0.0314750389367662,0.0133189732179799,0.330451082116408,0.289656651404518,0.113649569580747,0.198941162365265,0.0815607203611404,0.00450318339002545,0.00796401166974878,0.0535898605160804,0.0084348765648046,0.014276439264833,õ.wav
2.50222385786352,0.890229969844488,0.0542597651255124,0.0316873699196632,0.281085808330044,0.268666502471167,0.0919963892318269,0.214381597340331,0.0859191891323914,0.0143408935084155,0.0540141559861072,0.0727948823612562,0.0135912184978905,0.0439886452733373,õ.wav
2.37262042100271,0.887167183102277,0.0381225032884535,0.00953911029520191,0.29403148538997,0.289959420222204,0.103950732827382,0.241713118070039,0.129298455139014,0.00636060182509165,0.0789103626853786,0.0847402209651409,0.0303415113711116,0.0552820700666412,õ.wav
2.5718953122628,0.86744076997251,0.00458195662254792,0.028955519142526,0.3278319573632,0.303108797549502,0.15340837650189,0.223785203660397,0.0845102962141901,0.00235307595912404,0.0454171201963885,0.0639914131915817,0.044145920063438,0.0612276485785243,õ.wav
2.53647871852856,0.829377612298202,0.0602845924570262,0.145306507638245,0.368564686059719,0.303583193667979,0.0789469554170823,0.247483851965966,0.128825599272997,0.00740430046255769,0.0420939866691765,0.0525295054153587,0.0558732838260713,0.024617757863282,õ.wav
3.02455411565909,0.631225116032443,0.115793845535571,0.136058304925597,0.322770374041236,0.206264742117085,0.0976931085745026,0.117084659902723,0.0622266937037981,0.0177769791161116,0.0208259996186857,0.0677761445555134,0.0269303754117869,0.0331898007502054,õ.wav
2.87616168545689,0.664438480087138,0.0358037724437897,0.0676720799977939,0.276170136381567,0.241852562087952,0.0830958486660433,0.151079102415739,0.000282550031331001,0.060485306971539,0.0244109573698284,0.0424571413344599,0.0619006810844493,0.0264482129296838,õ.wav
2.67586062974101,0.761277102302182,0.0547047664880402,0.118750811178367,0.258137576814376,0.192480323252902,0.0186642320056007,0.120993842274331,0.16134806157559,0.017617507788182,0.0365808316521009,0.0508699727322156,0.0445122682892822,0.0156634139814244,õ.wav
2.61862500186692,0.731867590112421,0.00624374491793331,0.0662073291865061,0.176048742847073,0.238825288560852,0.0774029126803561,0.152859137359673,0.160932372519451,0.00875785716210016,0.028569676271785,0.0613937974639389,0.0266192021497167,0.0126908894120712,õ.wav
2.56299803710732,0.848458556929209,0.143677065599612,0.0506023702634203,0.200572553404576,0.201904747810354,0.0225224233806069,0.14378983588764,0.163219440599692,0.0377694530317396,0.00134391738748356,0.0402767593777547,0.0714285448942918,0.000958110340971087,õ.wav
2.67216820904025,0.797500456799494,0.115287705839894,0.0919622572393131,0.294284616706079,0.285155721186084,0.055419729597589,0.156846639117019,0.125848748319989,0.0355035274687373,0.0326082065729906,0.0342723477975807,0.0133397113353972,0.0157720446249499,õ.wav
2.66849123525552,0.765652521291748,0.0265562001694773,0.0598415137101414,0.273323787358845,0.220956207016743,0.0492414770211229,0.165739720272759,0.176389719106007,0.0241562737403699,0.0359245923061853,0.0671046670220035,0.0529274313125337,0.022600168049449,õ.wav
2.18865588860774,0.903013896397856,0.0253633561782402,0.0166933959167098,0.249357576010844,0.16385015183143,0.164204359225504,0.191714601344458,0.102300490652963,0.00266848349711447,0.0802340739364936,0.064966435923756,0.0093495465551227,0.00682819369095202,õ.wav
2.73786302749926,0.739771440720058,0.119204793208056,0.135614679603504,0.259469416011789,0.224283806468284,0.0435781509611678,0.0745746754431411,0.0304985102833683,0.00986861109812139,0.00462116929282539,0.0360509171394583,0.00753443705691334,0.0331856010396391,õ.wav
2.8973248048481,0.632684360123148,0.123936938206544,0.130141025585468,0.272837857823541,0.228914788594854,0.0044311300289056,0.112590458010176,0.112884971124784,0.0157922122501446,0.0223909307130251,0.00640802187440814,0.00311804707755763,0.0299019743727865,õ.wav
2.41661675872788,0.892446462576988,0.126177531006486,0.152751055327287,0.244028454784134,0.199841001770922,0.0191918454788849,0.170462675843448,0.23001752764408,0.047467751064818,0.0199638254718221,0.0323793171054427,0.091139490794181,0.0156356050278111,õ.wav
2.23383620797461,0.839722531745763,0.0963554492731525,0.184557733071883,0.259244296472505,0.281573419610413,0.0545970699973594,0.250093314800704,0.145939236914154,0.0465885783814394,0.0514423176684937,0.0139993216549433,0.0302438036846096,0.0650883251489615,õ.wav
1.33675186098778,0.947806480423043,0.252203334674405,0.0552528485996684,0.144962876912442,0.274597123150187,0.0415086059897144,0.01142666217572,0.097391343973544,0.0280877004659843,0.0436050852456921,0.0129339397105209,0.0410637150676901,0.00338148662400171,ö.wav
1.46653722937671,0.855107357025126,0.369136813599159,0.113816756423552,0.108761288315884,0.197651103531156,0.00556405581002785,0.0116803834067347,0.0523674747796933,0.021567418124568,0.0367072462878661,0.0149943316380229,0.0450318402603724,0.0283014989010777,ö.wav
1.47683644399863,0.80173202699608,0.384467763719269,0.119400518241906,0.072224692438894,0.212929252799575,0.0232650037150853,0.0653536012257911,0.0139754528425795,0.00192353214968757,0.0224704461828213,0.0395775287664903,0.0458816635124571,0.0075599438260141,ö.wav
1.1557949341577,0.805926637314789,0.407938631798274,0.0533983972996952,0.0806129389575094,0.202440896994602,0.0172472541067072,0.0466383188073155,0.0487648452582516,0.0432703827855924,0.00574346671268851,0.0153324626135029,0.0634766456823665,0.0228114532524712,ö.wav
1.3466590866845,0.910815184285113,0.32610821485773,0.0938520299912001,0.0848117574306532,0.165127957265452,0.0314776677011582,0.00887391683856783,0.0731337089986004,0.0313036357438856,0.019488868718817,0.00521431489571578,0.0208730628039803,0.00267111835167825,ö.wav
1.43621670144573,0.856641651576786,0.286093473025456,0.0720226397331436,0.107400330820242,0.182649361501644,0.0249657646797275,0.00914836634168603,0.101311560154228,0.00133342350437104,0.0322372982536784,0.00233808142250558,0.0164848788892536,0.0234794059759506,ö.wav
1.4143937054106,0.882229542473109,0.325730641285437,0.0665324354521365,0.118159208611888,0.197126517998888,0.0427706812202763,0.0342763587201145,0.0567457550394426,0.015332455606618,0.00537216361803311,0.00853764716929645,0.00339586366887622,0.0148954582264639,ö.wav
1.66804102715383,0.858479117805971,0.259782473088266,0.107145948657244,0.0743227597305972,0.121465331597939,0.0562974974227194,0.0233552737817169,0.064646597083072,0.0298132274909959,0.0350631235040025,0.0136233464627407,0.00691246651539783,0.0104276684857593,ö.wav
1.68578022361454,0.913835073592853,0.230241530125606,0.0928816113861805,0.115235707741578,0.164189561647148,0.0392383243778829,0.0117153549324036,0.0438074098121625,0.0296269942361726,0.00421830308183075,0.0333949414248711,0.033465054084056,0.00255825335331616,ö.wav
1.32555887932814,0.846666999937738,0.253656409419354,0.0331251749239089,0.0838850193121812,0.16335555979101,0.0627211196212683,0.0225076964558637,0.0247492058004969,0.031058413628066,0.00422949476803933,0.00104677550871951,0.038605460344322,0.0197459129808595,ö.wav
1.28327515207228,0.842808990376005,0.314213588443555,0.0739481138682439,0.0686832341698889,0.147036376060314,0.0980056327747337,0.0309859921618444,0.0520392154120619,0.0351343341938811,0.0306659021861838,0.0459924732676373,0.0166283143564718,0.00452939746947951,ö.wav
1.53938758207565,0.796712192949944,0.274502917449096,0.0412282061015828,0.128048527625811,0.163526594758786,0.0340959658041075,0.0223596806637178,0.056824163160532,0.0352228541027167,0.00549028364523283,0.00445791154077439,0.00502038898868781,0.0256910253269811,ö.wav
1.41564547048328,0.81354107503908,0.282159937777057,0.0311092571323069,0.0945578217815633,0.128632527746,0.0728062466347968,0.00339337888483486,0.0509370771091494,0.0312666503489851,0.0185922544630034,0.00839459529362198,0.0328884201282631,0.0309933914850879,ö.wav
1.87051084711679,0.767641843311404,0.290436295591085,0.0678753113608225,0.0910869780382545,0.117603087402904,0.0467609948469089,0.0256884108428521,0.0161526349694747,0.0661820060337546,0.0121916957823688,0.0212089509973923,0.00279375142498172,0.0601219764465437,ö.wav
1.6689210785546,0.742581946506353,0.318154590446247,0.0255227774117228,0.0590795032938838,0.0942196583873599,0.031949395944764,0.0625947349492684,0.00468122836287548,0.0287213030792185,0.0226725877530014,0.0248584304019727,0.0367393772251052,0.0513412111500418,ö.wav
1.59942138947163,0.858339063121949,0.329142252883655,0.130009708710714,0.103841600442287,0.1583140691986,0.0456825974514176,0.0535672094436897,0.0345127412401406,0.0593316310855558,0.0195003184854944,0.000371853428119071,0.0383141502994572,0.0406972741260857,ö.wav
1.58342665265558,0.815550233063601,0.316193029930387,0.116003785822369,0.0609009663642374,0.161391122023229,0.0106891622272879,0.0476199026773192,0.0282830915208065,0.0833963854595051,0.0420252509381553,0.00503171022420919,0.0460340645744705,0.04817103678032,ö.wav
1.36860760548832,0.965815843063594,0.252278669586019,0.0755656989753676,0.0647002038856336,0.14319277995089,0.0583167874298084,0.00518898797488352,0.046045953264068,0.0239722032066951,0.019319637997003,0.0146284041724491,0.0463638058310571,0.0280487210120829,ö.wav
1.40990246722443,0.899207541063946,0.24456966418523,0.061453271449547,0.106525406157822,0.159409899078874,0.00933621348026632,0.0628599325080084,0.0268682973091815,0.0455967339234767,0.00333078026804061,0.00182154365015942,0.0316779905229211,0.0300506668376102,ö.wav
1.52815299445758,0.856084551959639,0.30437975083224,0.0851444478428047,0.131176627405278,0.170668113754637,0.0375410713025672,0.0174999971662355,0.0198753972012768,0.048281845183608,0.0183983423555955,0.0101111663808919,0.0196381540907077,0.010851156026578,ö.wav
1.29900383061644,0.787647144738247,0.286973601971634,0.0436544736891275,0.0949269521090458,0.212458169273756,0.00692235882711239,0.101447589431897,0.00570936762271794,0.061444657103055,0.000471066811079002,0.0138915160314459,0.0276645442785986,0.00325539709052322,ö.wav
3.39771902974468,0.743660569369146,0.5848597402917,0.402173475479521,0.264973723408346,0.219294541261557,0.0948837794438104,0.038686728239984,0.0653141897781754,0.0673119588611436,0.0504690266531587,0.0726597616336832,0.0052968703392713,0.0705495134311859,ê.wav
3.3977391875921,0.73015049062407,0.569961031222718,0.386974380911498,0.260364264647195,0.229520110549026,0.0671119850308407,0.0278740738173925,0.0844174238769297,0.0731311786538265,0.111844135890674,0.0600109090974514,0.00797279096310488,0.0217753752482203,ê.wav
3.41940154044808,0.737763227217587,0.629733370485583,0.408155824922264,0.276652159728155,0.244355057499318,0.117737268461865,0.0469036588392565,0.0576419396538681,0.0626812276575481,0.0934419234250638,0.0674782870183953,0.0124699477112836,0.049933195360584,ê.wav
3.4959158567945,0.759307219803878,0.629053354467828,0.400035752949804,0.282507224328486,0.251185208567487,0.113125381810169,0.0272139069201214,0.0687463340525818,0.0897373732612626,0.105461251364946,0.0662845828903476,0.0442479074714861,0.0489732818517744,ê.wav
3.37389411811479,0.742477860548481,0.580992203359178,0.376535721002632,0.304103163627848,0.264369900163784,0.101453481169668,0.0232714966216236,0.0603098670393144,0.0811812190146285,0.114535862178956,0.0699366998260191,0.0206392128782226,0.0436962875115549,ê.wav
3.44650169456096,0.727866796853432,0.59253501708965,0.373101420291066,0.300303539235108,0.248129863684097,0.123199201660534,0.0322909216151009,0.0790461245233292,0.120358720220082,0.126802783922527,0.0739965321804108,0.0163475940792538,0.0524888220357909,ê.wav
3.07176695539483,0.929732349315572,0.558815518702035,0.452960970616764,0.339947738717049,0.188147476755331,0.105642200780539,0.105246416701946,0.0114209720241302,0.0266720464261393,0.092283007542895,0.0706399733341266,0.113100222871823,0.0616298637058633,ï.wav
2.86189020248317,0.883386036212591,0.525748910786283,0.545113564995425,0.360720055268605,0.233484736364926,0.18631908043493,0.0420576047371623,0.0837507716433632,0.12533550529367,0.0830458970380059,0.0117529668350468,0.0570614136903299,0.0457284011403015,ï.wav
4.20367855336118,0.340443185762715,0.426200487495697,0.196103808978371,0.170296536002368,0.128765594511739,0.0717131559698225,0.063513627027848,0.0593038295774089,0.0524995735118366,0.0465172003838826,0.0504312653351178,0.0443748276173448,0.0282691880449749,ï.wav
3.08953131897601,0.863863508129575,0.532433991624313,0.417360692432643,0.229875676443638,0.129559159581079,0.00173719608862257,0.0146170092305923,0.105998153042883,0.0614799946480149,0.0681582597248139,0.11176634092815,0.0670515634485876,0.0461790256140047,ï.wav
3.02861135934207,0.864575185944705,0.578925226693635,0.542323930192665,0.352037470080355,0.140138965217303,0.100945183085201,0.0579323729041773,0.130083468891171,0.066811045805531,0.0806905411159376,0.0343908849629518,0.017506683341366,0.0132210209175469,ï.wav
2.99542154635464,0.777324195198207,0.431161016983599,0.492124070746364,0.222021443774457,0.155648186033739,0.00952124923502066,0.0941354026480237,0.19774776900799,0.0666864301953373,0.0450703812932068,0.0737979377431192,0.0329309854173747,0.0570197227432121,ï.wav
2.70620207859599,0.832318466676777,0.560553184253478,0.53649328406032,0.252516390564726,0.279810386760809,0.190080758562461,0.00618300135675438,0.132558749485763,0.0925634627525589,0.0231143406353336,0.0880057647487448,0.0172152978091517,0.00701241302719231,ï.wav
2.80472113706972,0.865917079319754,0.548514965446971,0.517431101650097,0.280050050502576,0.214370137299908,0.160342257595583,0.0237370367958657,0.14414135071194,0.0859178600418324,0.0515529856799412,0.0206186329952605,0.00915128004356287,0.00805281722543136,ï.wav
2.81830920597922,0.883973912394103,0.563580340589005,0.533077868896546,0.285179719996342,0.218083031570107,0.109719624067732,0.0272379112850129,0.121937483158564,0.0557241177597272,0.0550151000371459,0.0158709612361767,0.0307377163774581,0.00130052308249998,ï.wav
3.08318784700333,0.809505289407237,0.5471217680101,0.497158674557439,0.261198552236152,0.149013177230142,0.0120896028873134,0.080297760066749,0.12422412299452,0.00302173333646585,0.0457405787617481,0.0416766206563463,0.012040482311858,0.0013429566595838,ï.wav
2.605967550842,0.798988077514746,0.381756489101714,0.554233746330644,0.151171381936167,0.133444180952387,0.0793337241193383,0.0790689705717848,0.175858661977363,0.0485427615096618,0.0953835770685076,0.0702350302146204,0.0028972562373494,0.00625816690897384,ï.wav
2.80365654237721,0.842978492140307,0.564493459390546,0.58788772070067,0.269494345891157,0.213830270020875,0.108282578703204,0.0451844476741919,0.15913010915824,0.105762030452946,0.0674068175212676,0.0576247641466042,0.0127767760944235,0.00438490308906413,ï.wav
2.68887746858913,0.885335021700446,0.494693975387897,0.563475761941731,0.32125257312827,0.224862219044275,0.12698720263433,0.0177995712643438,0.154545680763641,0.0912894824215697,0.0280265549689343,0.00184925726579949,0.0195554189999256,0.0264524801401484,ï.wav
2.82098611996158,0.864832921780133,0.556844916951632,0.546954425326583,0.288625616036167,0.295934127774538,0.186646485755068,0.00515584712748435,0.185494026234105,0.172251631472491,0.0482206634349011,0.0413302195188831,0.0459110519543265,0.0267165208866843,ï.wav
3.35624491686404,0.652700969915719,0.555751765014145,0.364746203093197,0.263123773094698,0.184499282052765,0.0774804849760869,0.0483396606735257,0.0459551041774612,0.0359086304592127,0.0109360353214251,0.00830102395101005,0.00454277077864223,0.00845270049260922,ò.wav
2.85717794489098,0.61727966672464,0.406621743471853,0.455173510958478,0.222545892595567,0.267096615647631,0.031682880286195,0.0215711055224517,0.0711825335802134,0.0157312249530587,0.0669464691633132,0.0394782001348179,0.0156947531413855,0.067670510598889,ò.wav
3.1059902570281,0.689811765574069,0.508421813828995,0.316283892165309,0.242442269593445,0.236428534570279,0.0500256572081889,0.0637476039954182,0.0570631946458321,0.0616719981439575,0.0513922643529786,0.0220852334609687,0.0448704104707588,0.00775556107974224,ò.wav
3.266092843471,0.667655820262312,0.581048723404365,0.35399037028646,0.256722278914013,0.262458003854406,0.029075077148625,0.0730394857558463,0.0354940495568453,0.0236544854969847,0.0740418705112385,0.0103622703755721,0.0263651993663348,0.0173672178267295,ò.wav
3.28200757681023,0.696903023347856,0.573204288490838,0.356340680460275,0.260392504535326,0.259378844026858,0.0887280025796868,0.00867457911792576,0.0513709742257453,0.0478331553088474,0.0121424387512067,0.0289440485206274,0.0110069840226026,0.00602413549202381,ò.wav
3.49459327799862,0.690766636846377,0.659849456340177,0.412245979487092,0.303097639836305,0.226317580250277,0.0908338723726289,0.00949938111072264,0.0358794851104523,0.00429753495217299,0.000280636326041302,0.0284613299605557,0.0105395157540495,0.0225432419232429,ò.wav
1.90840955947351,0.630886292914396,0.313817845917116,0.461404618525966,0.130636476771079,0.316550549967712,0.101507176395647,0.0102536903439395,0.0404176528424261,0.101060537813645,0.0994471501904008,0.0609188918201495,0.0054502289825996,0.0712292146634375,ô.wav
2.42160588118813,0.493077595722599,0.330624394316329,0.498852367871176,0.270400279263415,0.332055555371303,0.00422973395374705,0.0718808609524818,0.0411163594522275,0.105684844902293,0.0828554938585575,0.0169168292447172,0.100595350975574,0.0678604328173613,ô.wav
2.60761612826785,0.508649961278643,0.354368254634165,0.447719387769529,0.290230298174578,0.359237977025677,0.00371637399060543,0.0603153798158191,0.0299789474025684,0.121443102821308,0.109677894982009,0.00436473481308272,0.0345652431364118,0.0635516451221524,ô.wav
2.98559194312434,0.726404141133894,0.537889682137723,0.553845055736649,0.251296175680932,0.265520017220102,0.107390899424046,0.105419582297657,0.100969841530949,0.0768165639572883,0.102855873795485,0.0335795525240077,0.0535473199470601,0.00518067479765083,õ.wav
3.60913183580539,0.792400215157328,0.664061164147495,0.464629613640935,0.319266224480343,0.20851081150606,0.112304383527678,0.0789325162905518,0.104415269859053,0.0896960535531433,0.0779538062476635,0.062832922288877,0.0491472067977244,0.0290931581815329,õ.wav
3.11372147469225,0.867979128626992,0.635580727481653,0.489508891780225,0.260769641520396,0.229937183796793,0.118426144130673,0.0602227238242173,0.1049956879015,0.103285376987777,0.0350208982863203,0.0218897260378285,0.0267668721719433,0.0454011936266138,õ.wav
3.38074428352328,0.810770760625126,0.625867347977196,0.496207065319109,0.290650210047832,0.248133759150133,0.147410316103039,0.118775075271867,0.162179328713446,0.0826483820451108,0.00405096525602354,0.00763048361384576,0.0090427251137049,0.00325407404907699,õ.wav
3.08075012712495,0.771580262604314,0.570259727842012,0.549296926773658,0.27247035546069,0.233197784300801,0.129933146561041,0.117976239529313,0.163136637901594,0.0832277908174398,0.0388458772442055,0.0607987295052087,0.0102330586776302,0.0649275005727225,õ.wav
2.98322395638641,0.835683122888804,0.4894753909772,0.471841388226569,0.332064504768928,0.246543449803598,0.109497958394139,0.148838726063957,0.177473866763104,0.103564303416298,0.0918439947073143,0.0833799721195405,0.00996100933938407,0.0632424930341154,õ.wav
3.11894228449864,0.787196633286989,0.53679433405091,0.49498472935876,0.337224217634877,0.209713939689817,0.0904823078013951,0.150685661180602,0.196250007982234,0.103995398013953,0.0563619852669338,0.088531354369277,0.0205051792125513,0.0824331697974118,õ.wav
3.13760119720431,0.798159743596159,0.579061509031104,0.5042736188641,0.293432573584305,0.260809352047232,0.141335077104081,0.112133691918008,0.202925866434758,0.0985034402451044,0.0166584929934056,0.0953418155819152,0.00945442279157386,0.0524968785999491,õ.wav
3.10494585360526,0.807221634305424,0.572347331792246,0.472023270622963,0.341313251053915,0.255820021823109,0.109471233806946,0.143670516368441,0.184029558465974,0.104346251437717,0.0521452980876728,0.0618647903926967,0.00359732329908073,0.0829563900283813,õ.wav
2.95940144646949,0.829621463859254,0.540043779553406,0.497717711420779,0.295454239342267,0.21571437900944,0.0800180156748727,0.169117190998828,0.168716127344982,0.101194751900157,0.108424508976303,0.0535222610674346,0.020657035490673,0.0896498016990177,õ.wav
3.08372612936522,0.822719197832248,0.563712068225429,0.527118643904692,0.318364480406392,0.222336858355102,0.126442607716261,0.15632127635782,0.184415059761588,0.0891582015235194,0.0623247033064815,0.0213404472881585,0.0297523653708024,0.0356191061655389,õ.wav
3.17011294008123,0.713362056640304,0.516283059038424,0.48446594583453,0.268057680694024,0.261908543151509,0.153437561789533,0.150444783557446,0.169720526537567,0.116613827787329,0.0365537755430092,0.0126837077196814,0.028304085280316,0.0651881281383995,õ.wav
3.28045371328105,0.822261078224614,0.567949569707798,0.46987465661586,0.280641651698206,0.259927543979337,0.173901881486571,0.0932189055599387,0.141909290944275,0.0679501625392975,0.0481531727632464,0.0474170171173587,0.0198705734488018,0.00848258395252241,õ.wav
3.28683732728208,0.802756866768743,0.618599025913418,0.464367367476143,0.279881785665973,0.263730193782414,0.132735116803198,0.0876966365487477,0.165056781554465,0.0497521564447503,0.0121273329295151,0.0904835847273488,0.0515126039656837,0.0128795857505929,õ.wav
3.03189181351857,0.772990049700037,0.567575303165721,0.498279206587293,0.283058948315399,0.272856433223742,0.110780776568934,0.105426072039285,0.163132581400683,0.0585989009805953,0.0534311566330201,0.071246305317721,0.0106134019676479,0.0234136136351293,õ.wav
3.21825060531838,0.751708027199844,0.568782929693296,0.51720725894,0.298206528921914,0.283870519190417,0.151153117008588,0.0781704634036368,0.16754885034431,0.0767370953853475,0.0417187631290095,0.0843540206495185,0.0571914333226749,0.0487424145442739,õ.wav
3.3116248945388,0.73308138493453,0.573080715026961,0.492270942074378,0.316046368898443,0.270809454761697,0.138275260467633,0.0804913422877139,0.134539313423782,0.10873468373543,0.0505945379694679,0.0685698700301313,0.0471696856190419,0.0319055442733078,õ.wav
3.28917553118699,0.711257394386061,0.557899569532983,0.545607502827608,0.336078517405847,0.267721802037503,0.112638174957915,0.0733535247834419,0.167663319810752,0.101144500847964,0.0347416448972863,0.0328403751956464,0.0686383571290152,0.028051794382165,õ.wav
3.16915258254169,0.696006201910342,0.542515310646997,0.500855273204097,0.298600510428246,0.227921725307758,0.100174697740667,0.131521752131762,0.159992805332823,0.0937974654443957,0.0984514694464921,0.0634342762001024,0.0259726489580303,0.0207163190230358,õ.wav
2.76835648753092,0.756685369933883,0.425820718676219,0.415470092995458,0.260421482489065,0.337898946390765,0.102098681746641,0.071809314127221,0.128058835000099,0.0884140427079431,0.104158601347355,0.0751241786719811,0.057676380579732,0.0268257361595684,õ.wav
2.09923547849682,0.733315226764329,0.207128040923801,0.539348961892441,0.169593252824905,0.280874933911701,0.0145527064438268,0.202991113443197,0.0989162301873748,0.121421564474732,0.115462359287355,0.0220100906938826,0.0525777131855427,0.0368129216865652,ö.wav
2.1638085945882,0.904623986550949,0.175645370295606,0.363276241130054,0.100840634207977,0.186634611138414,0.0503797720227414,0.172924668349497,0.167596421100022,0.104647869720418,0.0792884128099113,0.0188402006528227,0.0221073081536739,0.0035197300919982,ö.wav
2.20073208026259,0.832926313175378,0.221828354667032,0.444615735574008,0.0801052175068934,0.157885631813954,0.0308992203334997,0.147728916140291,0.0876115938787601,0.0717678919184416,0.136526889209037,0.0465621851377956,0.0721427903018065,0.0315496470096403,ö.wav
2.06199408483381,0.627480001805867,0.156433040377627,0.488643162774256,0.0493345369069107,0.318193642806172,0.012249181865601,0.167986632274154,0.174987140509505,0.127282340764708,0.0883549375041566,0.000320519014565074,0.0162155831314407,0.072233532082277,ö.wav
2.02482007215717,0.63985370550577,0.132145717976232,0.491952663027811,0.098213735555536,0.340356795305849,0.0159527574674839,0.204375322645408,0.150253946869098,0.050741024954781,0.0525830256136177,0.0261376689492987,0.0583393383603344,0.00743082213662676,ö.wav
3.02569037030696,0.948883748450175,0.473468147317057,0.34830074160172,0.220040933954477,0.193932034212773,0.132256289908496,0.098669790790356,0.126828642161592,0.0500061278099995,0.0286671982537789,0.0348050116049742,0.0131778544270746,0.0349360052005987,ö.wav
2.0256216948435,0.874922967952486,0.062330703243103,0.362369259738875,0.108378297492703,0.223030784734165,0.0831348463660013,0.130861242338808,0.159123092089046,0.076222716557902,0.0458554093529422,0.00611179898547851,0.0112374715966212,0.0112058634974345,ö.wav
2.3989989731982,0.992806617191999,0.350029428080092,0.432558689267216,0.217275837036757,0.169400549351394,0.0755072794058421,0.102383470198256,0.000361911413490439,0.0838457117608741,0.110828844291583,0.00206226435204867,0.00771960030134368,0.0354476147677069,ö.wav
3.09185016479618,0.96833331324406,0.565941213724703,0.407499211796906,0.264106827942638,0.154380956779453,0.0683127843794946,0.109613303946415,0.0808829082871721,0.0452529385919856,0.0554934856942023,0.0120744808934554,0.02131812067627,0.0153975436900987,ö.wav
2.21390177428845,0.816060846354757,0.3777858457415,0.442203901531934,0.127971041456001,0.2803352869407,0.0490427362738377,0.205429184352787,0.0541190540371002,0.0399290537098493,0.115382661785229,0.0413813418197317,0.0252215025212017,0.0636075590812872,ö.wav
2.70756823975329,0.86226965214418,0.387287286698259,0.454542506616397,0.244298973404141,0.206400900040437,0.142039570314742,0.23704818401869,0.069831423871506,0.0282485464468045,0.00246876658510448,0.00997516809739724,0.0495893865687085,0.041300348401933,ö.wav
2.957605385709,0.906298634017522,0.478271603881386,0.432623214242822,0.209872017605255,0.187855578275428,0.107945223399662,0.184991227455115,0.191026136256582,0.0331810417904336,0.0122571934371717,0.0507091442976294,0.0108705212759288,0.00998237874578173,ö.wav
1.85351476620527,0.903824084131053,0.111290194099905,0.352577856096383,0.043448088419073,0.150052458502062,0.0679562132831801,0.267918069830865,0.140153092451016,0.0750251022251177,0.102251593529083,0.0401126377186297,0.0086918513412346,0.0373479771713478,ö.wav
2.29798140167243,0.848530439315592,0.124154690765766,0.423782996780459,0.181486715053243,0.168193131549162,0.0739479565494021,0.129691437877617,0.16211190534901,0.150689076327847,0.0321460758076682,0.0101450277304322,0.0936854492274927,0.0281075819924895,ö.wav
4.62474034590961,0.574296016362534,0.981677641583964,0.380281931071181,0.208793640742938,0.227041536049408,0.134518530864416,0.0844512203962121,0.0887403793254388,0.0290699199874717,0.0226623096724076,0.00623859894182108,0.0384761249597501,0.0636257814558474,ê.wav
4.18327884668707,0.745200553970266,1.05768839942525,0.329430130093476,0.101879208256751,0.164055444485804,0.12973411692823,0.0908383039688711,0.10078313431793,0.0391073679844521,0.0189532359573109,0.00877091405488737,0.0416089848464789,0.00213686163233222,ê.wav
4.19129477637168,0.843876534283664,1.12837445158617,0.329339531284783,0.046676579004196,0.0696396009197797,0.0425136022206174,0.0209673136186356,0.055876206407349,0.0168803385912359,0.0391380315701564,0.00410306014337899,0.0532952805311443,0.0488723676744118,ê.wav
4.00722332341111,0.884382196464151,1.10329977757514,0.241954206585183,0.0252196780993034,0.0711417192541849,0.0790927018167778,0.0515543214428996,0.0646458436942068,0.00239565677622532,0.0507116090474075,0.0191174373005149,0.0897850854835095,0.0778807339400735,ê.wav
3.90880436259592,1.03771813810703,1.13178546480091,0.189857814325833,0.091640957898449,0.0552635706820781,0.124694990748609,0.0937106809617931,0.0907083037212635,0.000497852876870669,0.0813863255755371,0.0140309840764471,0.0621584038374887,0.055902939177275,ê.wav
3.99620581653823,0.969552858810586,1.13403256870583,0.24656095622603,0.0204459782479155,0.0991928932702738,0.112354057814782,0.0386681844527517,0.0169971829574142,0.0519773919795143,0.0692780682643037,0.0218830946475693,0.103402467381708,0.0809485730535434,ê.wav
3.77655786149702,1.03189250228213,1.12693388375556,0.203174217055901,0.0581719325482462,0.0996407170196107,0.145587996391108,0.10064799409297,0.0653720793770072,0.0173229429410206,0.0689402532928623,0.00282636483483288,0.0475766568902325,0.0324254612856556,ê.wav
3.96307736500072,0.98320357598577,1.13963415156807,0.259187138587338,0.00385118269123571,0.0991998944484587,0.120496187242527,0.0771936386578272,0.0610512195780154,0.0400918456217952,0.0724527952726847,0.0096247473891784,0.0848215399445072,0.0818386852364631,ê.wav
3.68434822578667,1.10560959793666,1.14137123632033,0.195640644643109,0.0946445393186234,0.0616247833243832,0.120227289207782,0.0911122622206141,0.0748257216758194,0.018839002257487,0.0724137095359944,0.00688827318604345,0.0743411046292503,0.0531133790938109,ê.wav
3.97421697039241,1.05783682744763,1.19727604426813,0.33185676558924,0.0283304993556068,0.178730779616326,0.216343571466715,0.129442683611861,0.0707132914515548,0.0660262323594906,0.155486909796857,0.0893448438271505,0.00877271144110935,0.0359721370059609,ï.wav
3.92067717531056,1.08972964525574,1.29138626401617,0.498244283081271,0.0994449061073277,0.18024204411095,0.202469062229634,0.0852756965182537,0.0557359565270753,0.0485060000768059,0.186225016705833,0.167224107976232,0.054124608670553,0.0113088020789908,ï.wav
3.8710901102528,1.12297947156224,1.29530038510021,0.528014553781136,0.123966905143979,0.134483568598809,0.155339680300633,0.0456919563656606,0.00548187979635054,0.101729786756434,0.210622228402692,0.184474687281747,0.0612146799856793,0.0452106478902963,ï.wav
3.78435111181637,1.20058311369053,1.36448619572856,0.544959039615447,0.0662049445790788,0.102273299008935,0.148335307812956,0.0231895039764198,0.0059807103764662,0.103859348983807,0.215197450857305,0.197062656592272,0.0296314518545872,0.0736114399056826,ï.wav
3.80294998246284,1.18354617582366,1.30248098899226,0.478647247109619,0.0658756463673971,0.143472801168066,0.160658841898339,0.0288470464313191,0.0575036652295903,0.14129834728662,0.193675763895439,0.122744211636435,0.00191203084623535,0.0638682458732178,ï.wav
3.41389376863283,1.27458769239807,1.16151557147053,0.45341649607657,0.0868257578578491,0.108018161998095,0.141204542610761,0.0769475656241057,0.018973406906148,0.110226305892022,0.20948197964508,0.174917616568748,0.0719195559137187,0.0376408188130229,ï.wav
3.70300494983402,1.23613998175303,1.31538889275273,0.440488476219491,0.0205023200990124,0.118502854106739,0.150365834146361,0.0391834644599407,0.0379959976153834,0.131988399695591,0.209888426750061,0.142938711856562,0.0178189544664561,0.0903274625105391,ï.wav
3.57656171136421,1.31279881203671,1.28476525436628,0.407468324281496,0.000985956571142955,0.104648130809255,0.170781132638349,0.0174593810329781,0.108303351241049,0.200497851652924,0.210311665684531,0.131911314119467,0.0363520838256205,0.11165046676351,ï.wav
3.76438801614751,1.22802346013467,1.27172107860107,0.342241024484814,0.0351974368485373,0.106538971734242,0.16289549332359,0.0444120646069891,0.0221036845313078,0.142552840060248,0.197194922544443,0.0865979346508799,0.0344331587409461,0.089183799978298,ï.wav
3.73605973556958,1.23825679421657,1.34127495193703,0.457601544781014,0.0109562292112371,0.087460040995042,0.142349562538758,0.0636286420475091,0.01911694122308,0.108170439412548,0.21852480210891,0.182671982503181,0.0302017586825687,0.0568827601941429,ï.wav
3.81426601141697,1.17634101244839,1.27929166208728,0.422165041006954,0.0468088938867731,0.112789444019246,0.137015835719741,0.0287674962269436,0.0657280788823137,0.148336501666526,0.199376002291469,0.122103917489633,0.0480571027258556,0.109865922221421,ï.wav
3.46059658999509,1.3720829888742,1.33769648391907,0.428522586921373,0.0520208110111865,0.0530710046466413,0.153207065314784,0.0443261726687627,0.0715525574739686,0.156477727894903,0.208571368220022,0.140113616619968,0.0266674231667472,0.0930991759640194,ï.wav
3.9655020725806,0.998583593399864,1.10165583742052,0.387218392548391,0.159511427688386,0.144133797794107,0.107648769377931,0.0456914813962533,0.0393502310615502,0.0705058732099955,0.121851407126928,0.0500432207148674,0.00359054624846834,0.0418698760981896,ò.wav
4.2083061658445,0.942236763890048,1.26723995154573,0.501493559871726,0.166635607607658,0.168453990680531,0.06970373176153,0.0257396695703766,0.00854243342187653,0.0354726181285689,0.0748344290841543,0.00310091664348925,0.0143493005769733,0.0228850804844672,ò.wav
3.9309150957119,1.09918588233213,1.26904309948245,0.452815051421945,0.090454542445011,0.127181397132507,0.0699819394725873,0.0201552342784076,0.00529721016530102,0.0677771136988834,0.0982623671801011,0.00641885308207309,0.0397832211590038,0.0451977879735358,ò.wav
4.07190691168387,0.989649980907878,1.17466748986714,0.391248306291133,0.117075894896504,0.206721107818194,0.161623944224957,0.0369737764391847,0.00556505089890088,0.1089404357045,0.137671940207311,0.0215530617622439,0.0479516951011456,0.0634105222110608,ò.wav
4.08968170858505,0.99668739319676,1.25300172606022,0.454392144507935,0.132912093942582,0.17681734360552,0.11073048729885,0.0200845760152867,0.0328963478449885,0.0962570589672187,0.123027030373441,0.0194568884239711,0.0458023374605175,0.0482526569507788,ò.wav
4.43337071426698,0.740347312628848,1.09081849749135,0.390780345361573,0.161009913441565,0.191021909829911,0.123953122968664,0.0777290779442452,0.0846187271770739,0.0184262936224639,0.0641800067800807,0.0259036834647792,0.0146492579929046,0.0350169833149305,ô.wav
4.3315592677001,0.846523674624431,1.136704263963,0.37579730350412,0.0959051980677544,0.116682110054109,0.0944229812762401,0.0745625432606172,0.115284362129678,0.0493552107308285,0.035339392591672,0.0294894880583227,0.00525843031594144,0.00354295245974827,ô.wav
4.19926448391059,0.788432094186011,1.02015238773506,0.443624987693114,0.292677296819817,0.264613823128111,0.162285330229519,0.0912906712895565,0.0938433159374203,0.0161011341649919,0.0418127152200826,0.0180951639039769,0.0326592772765352,0.0359492066680374,ô.wav
4.28735109989286,0.753643337538298,1.00556703678411,0.416922275353769,0.267079499884522,0.254015276240063,0.157477541959343,0.0874518738363767,0.0669256376796429,0.0299103010100975,0.0651564022255675,0.0340313668543634,0.0179762445879453,0.00685806082595282,ô.wav
4.32924484992136,0.846994132235023,1.18867920694855,0.472203301339194,0.19593393603618,0.227760096864436,0.145043535247489,0.0486508604988512,0.0607460452088488,0.0288809815307188,0.109248338236746,0.080743222046325,0.0226534446422905,0.0146993481579787,ô.wav
4.13312375008757,0.980521465895315,1.19687480017284,0.377470490956595,0.0828193619399877,0.162464336216476,0.153996823268182,0.0691487311570963,0.0444367281411637,0.0634802412489272,0.131824286749664,0.0652029967131795,0.0285273117196761,0.0565438813032862,ô.wav
4.10250429393714,0.988199659444597,1.1667059541771,0.339391382267162,0.0565623649303811,0.166892618133282,0.157182518286993,0.0802556912190973,0.034913758054283,0.0774687569324594,0.132551184770069,0.0481985188535425,0.0237693331666085,0.0621303654423567,ô.wav
4.16178943158758,0.954440723501561,1.17432105902296,0.328560273461271,0.0634054969568225,0.16626688338552,0.176353512301602,0.0969737330898088,0.0757313623594941,0.0593812208162069,0.139585603504036,0.0705587253395547,0.0275508487217834,0.0574355126239294,ô.wav
4.09978819801838,1.00562312256137,1.20145092608781,0.360303846575596,0.0736676445199824,0.170630582143617,0.169802890029971,0.0763589272840213,0.038761754996172,0.0762044335172277,0.14395733657057,0.0551109769881422,0.0183995692474452,0.0503501170453717,ô.wav
4.44289742116386,0.775008814215867,1.15722220311176,0.453556106569661,0.183265079907518,0.208040716913724,0.123074892137323,0.064383146994436,0.0959816775356161,0.0115691367820391,0.0579685876887453,0.0433199006855549,0.00650724845471367,0.0409882970011148,õ.wav
4.41456497310438,0.768770447266193,1.18480516517579,0.504157459040911,0.217972411269186,0.199320148015536,0.0912034268171027,0.0207980223941953,0.064201892768719,0.0239038484878087,0.0741275298761928,0.0498089180506987,0.0337308792541312,0.00586857001406236,õ.wav
4.0949459603636,0.871077965609787,1.06552091586171,0.461431672683783,0.260901576560555,0.186584317816399,0.0802112662787161,0.0211921516567019,0.0219971275843599,0.0389587592321274,0.0757617224727336,0.040402155835865,0.0199465334073011,0.0260060664636652,õ.wav
4.05538019655637,0.934491576272099,1.05957983635641,0.388189983722297,0.173882329898273,0.119723961620358,0.0383817231843409,0.0151949610596342,0.0468214744937352,0.00490078385858219,0.0477488514372845,0.0368862172911622,0.0407087957255903,0.0237898865358374,õ.wav
4.13317983414764,0.964865892716652,1.15751131375557,0.372238768935513,0.0853707236982605,0.0729106037505075,0.0335993548030205,0.0319732315147723,0.0764195318551636,0.0109254549406681,0.0702756580623936,0.0662477243999422,0.0401935173104102,2.74900605541551e-05,õ.wav
4.14421333437646,0.994137765204173,1.16781273885535,0.288881018173422,0.014588654408666,0.0942106776957757,0.133707633255105,0.103454318397039,0.088723006485878,0.0419766198630758,0.136748274734302,0.0781644274245177,0.0203708395909865,0.0874850533548017,õ.wav
4.22803839523814,0.919239439004134,1.19608218814689,0.365860872275678,0.0624227397019266,0.110519681558927,0.0993357278646424,0.0606403540495153,0.0654614000364944,0.0197965259878071,0.0975106579321303,0.0379825198340579,0.038529112727477,0.0802793444982054,õ.wav
3.64697259632365,1.09347715183687,0.96702638640083,0.314404344386302,0.101863575570266,0.0890650086644945,0.0843562415680941,0.104686141351146,0.0855656556256904,0.0208855852590813,0.0797007543884848,0.0430811872766609,0.0187000965444602,0.0271149069464347,õ.wav
4.4656044409555,0.722507596634783,1.08400680280985,0.378086356599003,0.160684273223712,0.247663795920829,0.198609181961039,0.137390273854246,0.120602561084672,0.0325341479502463,0.0304309696935153,0.015688162133826,0.00357543920478131,0.00910080234234963,ö.wav
4.27502123948319,0.72424426302154,0.957358665877594,0.449561454714115,0.330496865858043,0.284751813793484,0.154904019040194,0.0891120898658068,0.0620491127725005,0.0101188643508041,0.0592745565270243,0.0451887307551061,0.0501924064606137,0.0193354758999085,ö.wav
4.37349013029145,0.813656807238738,1.21399473098312,0.512528645657936,0.228205368706044,0.244284869116129,0.15822755785659,0.0698397761750052,0.0855855454341807,0.00196312473042064,0.105551877934329,0.116229865976959,0.0949032946247059,0.0467071498950616,ö.wav
4.2329274522559,0.898569646938167,1.15586959578383,0.386365408953387,0.115160485260158,0.179289466358548,0.145153159218188,0.100981587279575,0.0916330001753001,0.00893925405846498,0.129562281256596,0.119700637658893,0.0677420121622032,0.0248960151056936,ö.wav
3.97395953947412,1.05163173625333,1.07771782468211,0.149756938749035,0.083869622388525,0.149305136015848,0.262689326273994,0.206823699102593,0.133126031629478,0.0248073133286668,0.135714164804659,0.092950185068795,0.0396131734382981,0.00364406595826445,ö.wav
4.11569539175083,1.00697370639104,1.257209838351,0.471957345715983,0.116263193646196,0.101800667454717,0.0649433793620381,0.0268031375194003,0.0700753615918035,0.0133268677054216,0.0902235776459289,0.0909438966116418,0.0601813511442456,0.015735421147857,ö.wav
3.94894956882844,1.06432473634911,1.1503966240009,0.334631536522879,0.0359548890232954,0.135065134190791,0.147411866854298,0.0990217753331081,0.116358140048653,0.00584765043858256,0.0798079085023181,0.0666919548419694,0.0559032581504311,0.0420185718923721,ö.wav
3.7370996452319,1.1948307184907,1.15303514066423,0.214098723088169,0.0732392939205105,0.113702102816741,0.196794043282886,0.134332964884552,0.104147348590179,0.00712581954547115,0.0882366620663699,0.0398240525221194,0.0308517405467149,0.0661693764326221,ö.wav
